0.017
0.009
0.018
0.019
0.019
0.017
0.018
0.018
0.017
0.018
0.018
0.019
0.018
0.018
0.018
0.019
0.015
0.018
0.020
0.011
0.014
0.018
0.016
0.018
0.017
0.019
0.015
0.017
0.016
0.018
0.016
0.019
0.018
0.017
0.018
0.018
0.017
0.018
0.015
0.016
0.018
0.019
0.017
0.018
0.034
0.017
0.018
0.017
0.015
0.018
0.018
0.018
0.019
0.018
0.016
0.019
0.018
0.015
0.018
0.017
0.017
0.019
0.017
0.018
0.018
0.018
0.016
0.015
0.014
0.016
0.016
0.016
0.049
0.018
0.016
0.017
0.018
0.015
0.018
0.019
0.018
0.018
0.018
0.017
0.016
0.018
0.018
0.015
0.018
0.015
0.019
0.018
0.018
0.018
0.018
0.018
0.017
0.018
0.018
0.017
0.018
0.016
0.017
0.018
0.018
0.018
0.018
0.017
0.017
0.018
0.017
0.016
0.018
0.018
0.017
0.016
0.019
0.016
0.014
0.020
0.021
0.016
0.015
0.018
0.014
0.014
0.018
0.015
0.018
0.016
0.017
0.016
0.020
0.017
0.018
0.019
0.017
0.016
0.020
0.017
0.018
0.020
0.018
0.017
0.018
0.014
0.016
0.018
0.016
0.019
0.014
0.016
0.016
0.018
0.018
0.016
0.017
0.015
0.017
0.017
0.014
0.018
0.019
0.016
0.017
0.015
0.010
0.011
0.016
0.019
0.019
0.017
0.018
0.013
0.015
0.019
0.016
0.017
0.017
0.018
0.017
0.018
0.017
0.017
0.017
0.016
0.022
0.017
0.017
0.017
0.017
0.017
0.016
0.018
0.016
0.020
0.018
0.017
0.021
0.018
0.018
0.016
0.018
0.015
0.019
0.017
0.018
0.019
0.017
0.016
0.019
0.015
0.018
0.020
0.045
0.017
0.024
0.017
0.015
0.023
0.051
0.018
0.018
0.018
0.016
0.017
0.017
0.017
0.016
0.018
0.016
0.015
0.021
0.015
0.017
0.018
0.017
0.020
0.018
0.016
0.015
0.021
0.016
0.015
0.020
0.015
0.016
0.021
0.014
0.018
0.017
0.016
0.017
0.020
0.016
0.017
0.020
0.017
0.016
0.017
0.018
0.017
0.019
0.015
0.017
0.018
0.015
0.019
0.017
0.018
0.018
0.011
0.018
0.016
0.016
0.017
0.014
0.018
0.017
0.014
0.011
0.013
0.011
0.017
0.018
0.018
0.016
0.018
0.017
0.018
0.017
0.016
0.016
0.018
0.018
0.016
0.016
0.015
0.016
0.017
0.015
0.020
0.015
0.018
0.019
0.018
0.018
0.018
0.019
0.019
0.012
0.014
0.010
0.008
0.007
0.017
0.019
0.017
0.019
0.018
0.017
0.017
0.014
0.016
0.017
0.014
0.015
0.018
0.014
0.016
0.023
0.016
0.017
0.019
0.016
0.016
0.018
0.016
0.008
0.007
0.018
0.014
0.018
0.019
0.018
0.013
0.019
0.018
0.019
0.019
0.019
0.018
0.019
0.019
0.017
0.014
0.016
0.019
0.018
0.019
0.018
0.018
0.015
0.016
0.016
0.014
0.017
0.014
0.018
0.018
0.012
0.053
0.019
0.019
0.019
0.017
0.016
0.019
0.019
0.017
0.017
0.057
0.009
0.019
0.015
0.016
0.019
0.017
0.015
0.015
0.017
0.018
0.016
0.018
0.018
0.018
0.019
0.018
0.015
0.016
0.018
0.017
0.019
0.014
0.007
0.019
0.019
0.018
0.015
0.022
0.018
0.018
0.018
0.018
0.018
0.018
0.016
0.018
0.018
0.018
0.015
0.017
0.049
0.014
0.015
0.017
0.013
0.014
0.016
0.018
0.013
0.018
0.019
0.017
0.020
0.016
0.017
0.020
0.019
0.016
0.018
0.019
0.017
0.019
0.014
0.016
0.018
0.014
0.014
0.016
0.017
0.017
0.018
0.017
0.017
0.019
0.016
0.017
0.022
0.017
0.016
0.019
0.017
0.017
0.021
0.017
0.017
0.019
0.016
0.017
0.018
0.019
0.017
0.017
0.016
0.014
0.018
0.014
0.017
0.019
0.019
0.015
0.018
0.012
0.018
0.018
0.018
0.017
0.021
0.015
0.017
0.023
0.019
0.017
0.018
0.014
0.018
0.008
0.016
0.017
0.017
0.009
0.007
0.015
0.019
0.016
0.017
0.019
0.018
0.018
0.018
0.016
0.016
0.013
0.018
0.016
0.015
0.019
0.016
0.015
0.016
0.014
0.016
0.018
0.020
0.015
0.017
0.012
0.016
0.017
0.016
0.015
0.018
0.016
0.018
0.013
0.017
0.019
0.016
0.019
0.011
0.016
0.017
0.018
0.018
0.018
0.018
0.017
0.025
0.015
0.014
0.016
0.009
0.017
0.018
0.018
0.017
0.017
0.016
0.017
0.021
0.016
0.016
0.021
0.019
0.016
0.019
0.015
0.017
0.012
0.017
0.015
0.020
0.018
0.016
0.017
0.019
0.017
0.018
0.018
0.017
0.016
0.017
0.019
0.020
0.018
0.017
0.019
0.016
0.019
0.019
0.018
0.018
0.018
0.019
0.017
0.018
0.017
0.018
0.019
0.019
0.018
0.015
0.018
0.018
0.019
0.017
0.018
0.018
0.014
0.015
0.018
0.018
0.017
0.018
0.015
0.020
0.018
0.016
0.017
0.018
0.016
0.017
0.018
0.017
0.018
0.018
0.017
0.018
0.020
0.017
0.020
0.015
0.019
0.020
0.018
0.017
0.019
0.015
0.017
0.021
0.014
0.015
0.018
0.018
0.018
0.018
0.014
0.018
0.017
0.016
0.019
0.018
0.009
0.016
0.016
0.019
0.019
0.017
0.017
0.017
0.019
0.013
0.017
0.016
0.018
0.015
0.018
0.018
0.016
0.007
0.014
0.016
0.018
0.014
0.016
0.018
0.016
0.015
0.025
0.017
0.016
0.020
0.018
0.016
0.015
0.014
0.014
0.008
0.016
0.016
0.018
0.017
0.016
0.018
0.016
0.015
0.018
0.016
0.015
0.017
0.016
0.015
0.018
0.016
0.016
0.019
0.016
0.016
0.019
0.019
0.019
0.019
0.019
0.016
0.018
0.018
0.019
0.012
0.019
0.016
0.018
0.019
0.017
0.018
0.018
0.017
0.018
0.019
0.019
0.017
0.019
0.015
0.012
0.018
0.020
0.018
0.017
0.018
0.018
0.019
0.017
0.015
0.016
0.019
0.019
0.019
0.018
0.018
0.018
0.018
0.018
0.019
0.019
0.019
0.017
0.013
0.018
0.017
0.019
0.015
0.015
0.018
0.018
0.018
0.018
0.018
0.018
0.018
0.015
0.018
0.019
0.018
0.017
0.018
0.019
0.017
0.019
0.015
0.018
0.019
0.015
0.018
0.018
0.018
0.016
0.019
0.019
0.019
0.019
0.018
0.018
0.013
0.018
0.018
0.018
0.016
0.018
0.018
0.017
0.015
0.018
0.018
0.016
0.018
0.018
0.016
0.018
0.018
0.019
0.018
0.018
0.020
0.017
0.014
0.018
0.018
0.017
0.019
0.018
0.017
0.018
0.018
0.015
0.019
0.019
0.017
0.018
0.019
0.018
0.019
0.019
0.018
0.019
0.018
0.015
0.018
0.018
0.011
0.018
0.014
0.016
0.019
0.018
0.016
0.019
0.019
0.015
0.018
0.019
0.018
0.018
0.015
0.017
0.019
0.016
0.017
0.019
0.018
0.016
0.018
0.018
0.017
0.017
0.018
0.016
0.018
0.016
0.017
0.012
0.018
0.015
0.018
0.018
0.017
0.018
0.017
0.016
0.015
0.019
0.016
0.018
0.019
0.017
0.019
0.019
0.020
0.018
0.018
0.017
0.010
0.009
0.020
0.018
0.017
0.016
0.018
0.015
0.018
0.018
0.018
0.017
0.018
0.017
0.018
0.019
0.017
0.019
0.019
0.017
0.018
0.017
0.016
0.008
0.016
0.015
0.018
0.017
0.016
0.019
0.013
0.018
0.016
0.016
0.019
0.016
0.017
0.020
0.017
0.016
0.023
0.017
0.017
0.018
0.019
0.017
0.020
0.017
0.017
0.023
0.018
0.017
0.020
0.018
0.041
0.019
0.015
0.016
0.025
0.019
0.017
0.023
0.019
0.016
0.021
0.018
0.015
0.016
0.014
0.013
0.018
0.017
0.017
0.022
0.019
0.018
0.018
0.018
0.017
0.019
0.018
0.013
0.017
0.018
0.018
0.016
0.016
0.017
0.018
0.018
0.013
0.017
0.018
0.016
0.016
0.018
0.015
0.016
0.016
0.018
0.019
0.018
0.017
0.016
0.018
0.018
0.017
0.019
0.019
0.019
